{
 "cells": [
  {
   "cell_type": "markdown",
   "metadata": {},
   "source": [
    "# PW4: Genetic algorithms for optimization\n",
    "*Alexandra Korukova, Samuel Mayor*  \n",
    "*HEIG-VD - MLG - 30.05.2019*"
   ]
  },
  {
   "cell_type": "code",
   "execution_count": 22,
   "metadata": {},
   "outputs": [],
   "source": [
    "from scipy import sin, cos, tan, arctan, arctan2, arccos, pi\n",
    "import numpy as np"
   ]
  },
  {
   "cell_type": "code",
   "execution_count": 17,
   "metadata": {},
   "outputs": [],
   "source": [
    "LAT = [16.47, 16.47, 20.09, 22.39, 25.23, 22.00, 20.47, 17.20, 16.30, 14.05, 16.53, 21.52, 19.41, 20.09]\n",
    "\n",
    "LON = [96.10, 94.44, 92.54, 93.37, 97.24, 96.05, 97.02, 96.29, 97.38, 98.12, 97.38, 95.59, 97.13, 94.55]"
   ]
  },
  {
   "cell_type": "code",
   "execution_count": 18,
   "metadata": {},
   "outputs": [],
   "source": [
    "def spherical_distance(lat1, long1, lat2, long2):\n",
    "    phi1 = 0.5*pi - lat1\n",
    "    phi2 = 0.5*pi - lat2\n",
    "    r = 0.5*(6378137 + 6356752) # mean radius in meters\n",
    "    t = sin(phi1)*sin(phi2)*cos(long1-long2) + cos(phi1)*cos(phi2)\n",
    "    return r * arccos(t)"
   ]
  },
  {
   "cell_type": "code",
   "execution_count": 24,
   "metadata": {},
   "outputs": [
    {
     "name": "stderr",
     "output_type": "stream",
     "text": [
      "/home/etnarion/miniconda3/envs/MLGPW4/lib/python2.7/site-packages/ipykernel_launcher.py:10: ComplexWarning: Casting complex values to real discards the imaginary part\n",
      "  # Remove the CWD from sys.path while we load stuff.\n"
     ]
    },
    {
     "data": {
      "text/plain": [
       "array([[0.00000000e+00, 7.17150641e+06, 1.28933471e+07, 1.22302394e+07,\n",
       "        1.23996208e+07, 4.80427620e+06, 1.46581084e+07, 4.65800628e+06,\n",
       "        6.23724317e+06, 1.45953468e+07, 5.52209152e+06, 8.39826812e+06,\n",
       "        1.47845984e+07, 1.45743362e+07],\n",
       "       [7.17150641e+06, 0.00000000e+00, 1.39198265e+07, 5.99794107e+06,\n",
       "        5.81350831e+06, 1.01435940e+07, 1.51195135e+07, 5.30484644e+06,\n",
       "        1.13027731e+07, 1.43721526e+07, 9.85390436e+06, 1.03208588e+07,\n",
       "        8.82140471e+06, 1.69381258e+07],\n",
       "       [1.28933471e+07, 1.39198265e+07, 0.00000000e+00, 1.38568125e+07,\n",
       "        9.44182292e+06, 8.10034451e+06, 2.05301988e+06, 1.74732260e+07,\n",
       "        1.38030859e+07, 1.71667068e+06, 1.51295470e+07, 4.90952630e+06,\n",
       "        6.89164115e+06, 3.53226257e+06],\n",
       "       [1.22302394e+07, 5.99794107e+06, 1.38568125e+07, 9.48823169e-02,\n",
       "        5.52405292e+06, 1.61414898e+07, 1.28169422e+07, 7.95189562e+06,\n",
       "        1.17910078e+07, 1.25522822e+07, 1.07728677e+07, 1.47000406e+07,\n",
       "        7.17489001e+06, 1.31987446e+07],\n",
       "       [1.23996208e+07, 5.81350831e+06, 9.44182292e+06, 5.52405292e+06,\n",
       "        0.00000000e+00, 1.24204080e+07, 9.69120869e+06, 1.09114792e+07,\n",
       "        1.67467407e+07, 9.03070849e+06, 1.53256220e+07, 9.27292141e+06,\n",
       "        3.02110913e+06, 1.12751557e+07],\n",
       "       [4.80427620e+06, 1.01435940e+07, 8.10034451e+06, 1.61414898e+07,\n",
       "        1.24204080e+07, 0.00000000e+00, 9.87961434e+06, 9.45851250e+06,\n",
       "        8.70148757e+06, 9.79270585e+06, 8.92186297e+06, 4.15677021e+06,\n",
       "        1.26494836e+07, 1.02014020e+07],\n",
       "       [1.46581084e+07, 1.51195135e+07, 2.05301988e+06, 1.28169422e+07,\n",
       "        9.69120869e+06, 9.87961434e+06, 0.00000000e+00, 1.92373516e+07,\n",
       "        1.34752342e+07, 7.52975941e+05, 1.49393830e+07, 6.96153253e+06,\n",
       "        6.74763662e+06, 1.86603955e+06],\n",
       "       [4.65800628e+06, 5.30484644e+06, 1.74732260e+07, 7.95189562e+06,\n",
       "        1.09114792e+07, 9.45851250e+06, 1.92373516e+07, 9.48823169e-02,\n",
       "        6.01115194e+06, 1.91662719e+07, 4.55330685e+06, 1.26145101e+07,\n",
       "        1.38979787e+07, 1.77628176e+07],\n",
       "       [6.23724317e+06, 1.13027731e+07, 1.38030859e+07, 1.17910078e+07,\n",
       "        1.67467407e+07, 8.70148757e+06, 1.34752342e+07, 6.01115194e+06,\n",
       "        0.00000000e+00, 1.41736088e+07, 1.46451224e+06, 1.27204866e+07,\n",
       "        1.86551901e+07, 1.17538165e+07],\n",
       "       [1.45953468e+07, 1.43721526e+07, 1.71667068e+06, 1.25522822e+07,\n",
       "        9.03070849e+06, 9.79270585e+06, 7.52975941e+05, 1.91662719e+07,\n",
       "        1.41736088e+07, 0.00000000e+00, 1.56331352e+07, 6.55194187e+06,\n",
       "        6.14003606e+06, 2.61816760e+06],\n",
       "       [5.52209152e+06, 9.85390436e+06, 1.51295470e+07, 1.07728677e+07,\n",
       "        1.53256220e+07, 8.92186297e+06, 1.49393830e+07, 4.55330685e+06,\n",
       "        1.46451224e+06, 1.56331352e+07, 0.00000000e+00, 1.30771827e+07,\n",
       "        1.79425637e+07, 1.32097862e+07],\n",
       "       [8.39826812e+06, 1.03208588e+07, 4.90952630e+06, 1.47000406e+07,\n",
       "        9.27292141e+06, 4.15677021e+06, 6.96153253e+06, 1.26145101e+07,\n",
       "        1.27204866e+07, 6.55194187e+06, 1.30771827e+07, 0.00000000e+00,\n",
       "        8.60234398e+06, 8.17466881e+06],\n",
       "       [1.47845984e+07, 8.82140471e+06, 6.89164115e+06, 7.17489001e+06,\n",
       "        3.02110913e+06, 1.26494836e+07, 6.74763662e+06, 1.38979787e+07,\n",
       "        1.86551901e+07, 6.14003606e+06, 1.79425637e+07, 8.60234398e+06,\n",
       "        0.00000000e+00, 8.25937925e+06],\n",
       "       [1.45743362e+07, 1.69381258e+07, 3.53226257e+06, 1.31987446e+07,\n",
       "        1.12751557e+07, 1.02014020e+07, 1.86603955e+06, 1.77628176e+07,\n",
       "        1.17538165e+07, 2.61816760e+06, 1.32097862e+07, 8.17466881e+06,\n",
       "        8.25937925e+06, 0.00000000e+00]])"
      ]
     },
     "execution_count": 24,
     "metadata": {},
     "output_type": "execute_result"
    }
   ],
   "source": [
    "# creates latitude/longitude tuples for each city\n",
    "coords = []\n",
    "for i in range(len(LAT)):\n",
    "    coords.append((LAT[i], LON[i]))\n",
    "\n",
    "# calculate distances between each city pairs\n",
    "distances = np.zeros((14, 14))\n",
    "for i,c1 in enumerate(coords):\n",
    "    for j,c2 in enumerate(coords):\n",
    "        distances[i, j] = spherical_distance(c1[0], c1[1], c2[0], c2[1])\n",
    "distances"
   ]
  },
  {
   "cell_type": "code",
   "execution_count": null,
   "metadata": {},
   "outputs": [],
   "source": []
  }
 ],
 "metadata": {
  "kernelspec": {
   "display_name": "Python 2",
   "language": "python",
   "name": "python2"
  },
  "language_info": {
   "codemirror_mode": {
    "name": "ipython",
    "version": 2
   },
   "file_extension": ".py",
   "mimetype": "text/x-python",
   "name": "python",
   "nbconvert_exporter": "python",
   "pygments_lexer": "ipython2",
   "version": "2.7.16"
  }
 },
 "nbformat": 4,
 "nbformat_minor": 2
}
